1.392332400000000000e+09
1.393196400000000000e+09
1.393887600000000000e+09
1.395183600000000000e+09
1.395356400000000000e+09
1.396216800000000000e+09
1.397253600000000000e+09
1.397426400000000000e+09
1.397599200000000000e+09
1.398204000000000000e+09
1.399500000000000000e+09
1.399845600000000000e+09
1.400104800000000000e+09
1.400623200000000000e+09
1.400796000000000000e+09
1.400796000000000000e+09
1.400968800000000000e+09
1.400968800000000000e+09
1.400968800000000000e+09
1.401055200000000000e+09
1.401055200000000000e+09
1.401055200000000000e+09
1.401055200000000000e+09
1.401055200000000000e+09
1.401055200000000000e+09
1.401055200000000000e+09
1.401055200000000000e+09
1.401141600000000000e+09
1.401228000000000000e+09
1.401228000000000000e+09
1.401314400000000000e+09
1.401400800000000000e+09
1.401400800000000000e+09
1.401400800000000000e+09
1.401573600000000000e+09
1.401573600000000000e+09
1.401660000000000000e+09
1.401919200000000000e+09
1.402264800000000000e+09
1.402264800000000000e+09
1.402264800000000000e+09
1.402351200000000000e+09
1.402524000000000000e+09
1.402524000000000000e+09
1.402610400000000000e+09
1.402696800000000000e+09
1.402696800000000000e+09
1.402696800000000000e+09
1.402869600000000000e+09
1.402956000000000000e+09
1.403042400000000000e+09
1.403301600000000000e+09
1.403474400000000000e+09
1.403474400000000000e+09
1.403647200000000000e+09
1.403647200000000000e+09
1.403647200000000000e+09
1.403733600000000000e+09
1.403733600000000000e+09
1.403820000000000000e+09
1.404165600000000000e+09
1.404165600000000000e+09
1.404252000000000000e+09
1.404338400000000000e+09
1.404424800000000000e+09
1.404424800000000000e+09
1.404511200000000000e+09
1.404597600000000000e+09
1.404684000000000000e+09
1.404770400000000000e+09
1.404856800000000000e+09
1.404943200000000000e+09
1.404943200000000000e+09
1.405029600000000000e+09
1.405029600000000000e+09
1.405116000000000000e+09
1.405375200000000000e+09
1.405375200000000000e+09
1.405375200000000000e+09
1.405548000000000000e+09
1.405548000000000000e+09
1.405548000000000000e+09
1.405720800000000000e+09
1.406066400000000000e+09
1.406239200000000000e+09
1.406844000000000000e+09
1.407103200000000000e+09
1.407103200000000000e+09
1.407103200000000000e+09
1.407448800000000000e+09
1.407535200000000000e+09
1.408226400000000000e+09
1.409004000000000000e+09
1.409090400000000000e+09
1.409781600000000000e+09
1.409868000000000000e+09
1.410040800000000000e+09
1.410127200000000000e+09
1.410213600000000000e+09
1.410472800000000000e+09
1.410732000000000000e+09
1.410732000000000000e+09
1.410904800000000000e+09
1.411336800000000000e+09
1.411336800000000000e+09
1.411336800000000000e+09
1.411423200000000000e+09
1.411509600000000000e+09
1.411596000000000000e+09
1.411596000000000000e+09
1.411941600000000000e+09
1.412114400000000000e+09
1.412460000000000000e+09
1.412892000000000000e+09
1.413151200000000000e+09
1.413237600000000000e+09
1.413410400000000000e+09
1.413410400000000000e+09
1.413410400000000000e+09
1.413496800000000000e+09
1.413496800000000000e+09
1.413583200000000000e+09
1.413583200000000000e+09
1.413583200000000000e+09
1.413583200000000000e+09
1.413669600000000000e+09
1.413669600000000000e+09
1.413669600000000000e+09
1.413669600000000000e+09
1.413756000000000000e+09
1.413756000000000000e+09
1.413756000000000000e+09
1.413842400000000000e+09
1.413928800000000000e+09
1.414015200000000000e+09
1.414101600000000000e+09
1.414274400000000000e+09
1.414274400000000000e+09
1.414364400000000000e+09
1.414364400000000000e+09
1.414537200000000000e+09
1.414623600000000000e+09
1.414623600000000000e+09
1.414796400000000000e+09
1.414796400000000000e+09
1.414796400000000000e+09
1.414796400000000000e+09
1.414796400000000000e+09
1.414882800000000000e+09
1.414882800000000000e+09
1.414882800000000000e+09
1.414969200000000000e+09
1.414969200000000000e+09
1.414969200000000000e+09
1.414969200000000000e+09
1.414969200000000000e+09
1.414969200000000000e+09
1.415142000000000000e+09
1.415142000000000000e+09
1.415142000000000000e+09
1.415142000000000000e+09
1.415142000000000000e+09
1.415142000000000000e+09
1.415142000000000000e+09
1.415142000000000000e+09
1.415228400000000000e+09
1.415228400000000000e+09
1.415314800000000000e+09
1.415314800000000000e+09
1.415314800000000000e+09
1.415314800000000000e+09
1.415314800000000000e+09
1.415314800000000000e+09
1.415401200000000000e+09
1.415487600000000000e+09
1.415574000000000000e+09
1.415660400000000000e+09
1.415660400000000000e+09
1.415746800000000000e+09
1.415833200000000000e+09
1.415833200000000000e+09
1.415833200000000000e+09
1.415919600000000000e+09
1.415919600000000000e+09
1.415919600000000000e+09
1.416006000000000000e+09
1.416006000000000000e+09
1.416006000000000000e+09
1.416006000000000000e+09
1.416092400000000000e+09
1.416092400000000000e+09
1.416092400000000000e+09
1.416178800000000000e+09
1.416178800000000000e+09
1.416178800000000000e+09
1.416178800000000000e+09
1.416178800000000000e+09
1.416265200000000000e+09
1.416351600000000000e+09
1.416351600000000000e+09
1.416438000000000000e+09
1.416438000000000000e+09
1.416524400000000000e+09
1.416524400000000000e+09
1.416524400000000000e+09
1.416524400000000000e+09
1.416524400000000000e+09
1.416524400000000000e+09
1.416610800000000000e+09
1.416610800000000000e+09
1.416697200000000000e+09
1.416697200000000000e+09
1.416783600000000000e+09
1.416870000000000000e+09
1.416870000000000000e+09
1.416870000000000000e+09
1.416870000000000000e+09
1.416956400000000000e+09
1.416956400000000000e+09
1.416956400000000000e+09
1.417042800000000000e+09
1.417042800000000000e+09
1.417042800000000000e+09
1.417042800000000000e+09
1.417129200000000000e+09
1.417129200000000000e+09
1.417129200000000000e+09
1.417129200000000000e+09
1.417129200000000000e+09
1.417129200000000000e+09
1.417129200000000000e+09
1.417215600000000000e+09
1.417215600000000000e+09
1.417215600000000000e+09
1.417215600000000000e+09
1.417302000000000000e+09
1.417302000000000000e+09
1.417302000000000000e+09
1.417302000000000000e+09
1.417388400000000000e+09
1.417388400000000000e+09
1.417388400000000000e+09
1.417474800000000000e+09
1.417474800000000000e+09
1.417474800000000000e+09
1.417474800000000000e+09
1.417647600000000000e+09
1.417734000000000000e+09
1.417734000000000000e+09
1.417734000000000000e+09
1.417820400000000000e+09
1.417820400000000000e+09
1.417820400000000000e+09
1.417820400000000000e+09
1.417820400000000000e+09
1.417820400000000000e+09
1.417906800000000000e+09
1.417906800000000000e+09
1.417906800000000000e+09
1.417993200000000000e+09
1.417993200000000000e+09
1.417993200000000000e+09
1.418079600000000000e+09
1.418166000000000000e+09
1.418166000000000000e+09
1.418252400000000000e+09
1.418338800000000000e+09
1.418338800000000000e+09
1.418338800000000000e+09
1.418425200000000000e+09
1.418425200000000000e+09
1.418598000000000000e+09
1.418684400000000000e+09
1.418684400000000000e+09
1.418770800000000000e+09
1.418770800000000000e+09
1.418770800000000000e+09
1.418857200000000000e+09
1.418943600000000000e+09
1.418943600000000000e+09
1.419030000000000000e+09
1.419116400000000000e+09
1.419116400000000000e+09
1.419116400000000000e+09
1.419202800000000000e+09
1.419289200000000000e+09
1.419289200000000000e+09
1.419375600000000000e+09
1.419462000000000000e+09
1.419548400000000000e+09
1.419548400000000000e+09
1.419548400000000000e+09
1.419548400000000000e+09
1.419634800000000000e+09
1.419634800000000000e+09
1.419721200000000000e+09
1.419721200000000000e+09
1.419807600000000000e+09
1.419807600000000000e+09
1.419807600000000000e+09
1.419807600000000000e+09
1.419807600000000000e+09
1.419894000000000000e+09
1.420066800000000000e+09
1.420153200000000000e+09
1.420153200000000000e+09
1.420153200000000000e+09
1.420153200000000000e+09
1.420153200000000000e+09
1.420239600000000000e+09
1.420326000000000000e+09
1.420326000000000000e+09
1.420326000000000000e+09
1.420412400000000000e+09
1.420585200000000000e+09
1.420671600000000000e+09
1.420671600000000000e+09
1.420758000000000000e+09
1.420758000000000000e+09
1.420844400000000000e+09
1.420844400000000000e+09
1.420844400000000000e+09
1.420844400000000000e+09
1.420930800000000000e+09
1.420930800000000000e+09
1.421017200000000000e+09
1.421017200000000000e+09
1.421017200000000000e+09
1.421103600000000000e+09
1.421103600000000000e+09
1.421103600000000000e+09
1.421190000000000000e+09
1.421190000000000000e+09
1.421190000000000000e+09
1.421276400000000000e+09
1.421276400000000000e+09
1.421276400000000000e+09
1.421276400000000000e+09
1.421362800000000000e+09
1.421362800000000000e+09
1.421449200000000000e+09
1.421535600000000000e+09
1.421622000000000000e+09
1.421622000000000000e+09
1.421622000000000000e+09
1.421708400000000000e+09
1.421708400000000000e+09
1.421708400000000000e+09
1.421794800000000000e+09
1.421794800000000000e+09
1.421794800000000000e+09
1.421881200000000000e+09
1.421881200000000000e+09
1.421881200000000000e+09
1.421881200000000000e+09
1.421881200000000000e+09
1.421881200000000000e+09
1.421881200000000000e+09
1.421967600000000000e+09
1.421967600000000000e+09
1.422054000000000000e+09
1.422140400000000000e+09
1.422140400000000000e+09
1.422226800000000000e+09
1.422226800000000000e+09
1.422226800000000000e+09
1.422313200000000000e+09
1.422313200000000000e+09
1.422313200000000000e+09
1.422399600000000000e+09
1.422399600000000000e+09
1.422399600000000000e+09
1.422399600000000000e+09
1.422486000000000000e+09
1.422486000000000000e+09
1.422486000000000000e+09
1.422572400000000000e+09
1.422572400000000000e+09
1.422572400000000000e+09
1.422572400000000000e+09
1.422658800000000000e+09
1.422658800000000000e+09
1.422658800000000000e+09
1.422658800000000000e+09
1.422658800000000000e+09
1.422745200000000000e+09
1.422831600000000000e+09
1.422831600000000000e+09
1.422831600000000000e+09
1.422831600000000000e+09
1.422831600000000000e+09
1.423004400000000000e+09
1.423004400000000000e+09
1.423004400000000000e+09
1.423004400000000000e+09
1.423004400000000000e+09
1.423004400000000000e+09
1.423090800000000000e+09
1.423090800000000000e+09
1.423090800000000000e+09
1.423090800000000000e+09
1.423090800000000000e+09
1.423177200000000000e+09
1.423177200000000000e+09
1.423177200000000000e+09
1.423177200000000000e+09
1.423177200000000000e+09
1.423263600000000000e+09
1.423263600000000000e+09
1.423263600000000000e+09
1.423263600000000000e+09
1.423263600000000000e+09
1.423350000000000000e+09
1.423350000000000000e+09
1.423350000000000000e+09
1.423350000000000000e+09
1.423350000000000000e+09
1.423350000000000000e+09
1.423436400000000000e+09
1.423436400000000000e+09
1.423436400000000000e+09
1.423436400000000000e+09
1.423522800000000000e+09
1.423522800000000000e+09
1.423609200000000000e+09
1.423609200000000000e+09
1.423609200000000000e+09
1.423609200000000000e+09
1.423609200000000000e+09
1.423695600000000000e+09
1.423695600000000000e+09
1.423782000000000000e+09
1.423782000000000000e+09
1.423782000000000000e+09
1.423868400000000000e+09
1.423868400000000000e+09
1.423954800000000000e+09
1.423954800000000000e+09
1.424041200000000000e+09
1.424041200000000000e+09
1.424041200000000000e+09
1.424041200000000000e+09
1.424127600000000000e+09
1.424127600000000000e+09
1.424127600000000000e+09
1.424127600000000000e+09
1.424127600000000000e+09
1.424127600000000000e+09
1.424214000000000000e+09
1.424214000000000000e+09
1.424386800000000000e+09
1.424386800000000000e+09
1.424386800000000000e+09
1.424473200000000000e+09
1.424473200000000000e+09
1.424473200000000000e+09
1.424646000000000000e+09
1.424646000000000000e+09
1.424646000000000000e+09
1.424646000000000000e+09
1.424646000000000000e+09
1.424732400000000000e+09
1.424818800000000000e+09
1.424818800000000000e+09
1.424818800000000000e+09
1.424905200000000000e+09
1.424905200000000000e+09
1.424991600000000000e+09
1.424991600000000000e+09
1.425078000000000000e+09
1.425078000000000000e+09
1.425164400000000000e+09
1.425164400000000000e+09
1.425164400000000000e+09
1.425164400000000000e+09
1.425250800000000000e+09
1.425250800000000000e+09
1.425250800000000000e+09
1.425337200000000000e+09
1.425423600000000000e+09
1.425423600000000000e+09
1.425423600000000000e+09
1.425510000000000000e+09
1.425510000000000000e+09
1.425510000000000000e+09
1.425510000000000000e+09
1.425510000000000000e+09
1.425596400000000000e+09
1.425596400000000000e+09
1.425682800000000000e+09
1.425682800000000000e+09
1.425682800000000000e+09
1.425682800000000000e+09
1.425682800000000000e+09
1.425682800000000000e+09
1.425769200000000000e+09
1.425769200000000000e+09
1.425769200000000000e+09
1.425855600000000000e+09
1.425855600000000000e+09
1.425855600000000000e+09
1.425942000000000000e+09
1.425942000000000000e+09
1.426028400000000000e+09
1.426028400000000000e+09
1.426114800000000000e+09
1.426114800000000000e+09
1.426201200000000000e+09
1.426201200000000000e+09
1.426201200000000000e+09
1.426287600000000000e+09
1.426287600000000000e+09
1.426374000000000000e+09
1.426374000000000000e+09
1.426374000000000000e+09
1.426374000000000000e+09
1.426460400000000000e+09
1.426460400000000000e+09
1.426460400000000000e+09
1.426546800000000000e+09
1.426546800000000000e+09
1.426546800000000000e+09
1.426633200000000000e+09
1.426633200000000000e+09
1.426719600000000000e+09
1.426719600000000000e+09
1.426719600000000000e+09
1.426719600000000000e+09
1.426806000000000000e+09
1.426806000000000000e+09
1.426806000000000000e+09
1.426978800000000000e+09
1.426978800000000000e+09
1.426978800000000000e+09
1.426978800000000000e+09
1.426978800000000000e+09
1.426978800000000000e+09
1.427065200000000000e+09
1.427065200000000000e+09
1.427065200000000000e+09
1.427151600000000000e+09
1.427151600000000000e+09
1.427238000000000000e+09
1.427238000000000000e+09
1.427238000000000000e+09
1.427324400000000000e+09
1.427410800000000000e+09
1.427410800000000000e+09
1.427497200000000000e+09
1.427497200000000000e+09
1.427583600000000000e+09
1.427666400000000000e+09
1.427666400000000000e+09
1.427666400000000000e+09
1.427666400000000000e+09
1.427752800000000000e+09
1.427752800000000000e+09
1.427839200000000000e+09
1.427839200000000000e+09
1.427839200000000000e+09
1.427839200000000000e+09
1.427839200000000000e+09
1.427925600000000000e+09
1.427925600000000000e+09
1.427925600000000000e+09
1.428098400000000000e+09
1.428098400000000000e+09
1.428184800000000000e+09
1.428271200000000000e+09
1.428271200000000000e+09
1.428357600000000000e+09
1.428444000000000000e+09
1.428530400000000000e+09
1.428530400000000000e+09
1.428530400000000000e+09
1.428703200000000000e+09
1.428703200000000000e+09
1.428703200000000000e+09
1.428703200000000000e+09
1.428703200000000000e+09
1.428789600000000000e+09
1.428789600000000000e+09
1.428876000000000000e+09
1.428876000000000000e+09
1.428876000000000000e+09
1.428962400000000000e+09
1.428962400000000000e+09
1.429048800000000000e+09
1.429135200000000000e+09
1.429221600000000000e+09
1.429221600000000000e+09
1.429221600000000000e+09
1.429221600000000000e+09
1.429308000000000000e+09
1.429394400000000000e+09
1.429480800000000000e+09
1.429480800000000000e+09
1.429567200000000000e+09
1.429653600000000000e+09
1.429653600000000000e+09
1.429653600000000000e+09
1.429653600000000000e+09
1.429740000000000000e+09
1.429740000000000000e+09
1.429826400000000000e+09
1.429826400000000000e+09
1.429826400000000000e+09
1.429912800000000000e+09
1.429912800000000000e+09
1.429912800000000000e+09
1.429999200000000000e+09
1.429999200000000000e+09
1.430085600000000000e+09
1.430085600000000000e+09
1.430172000000000000e+09
1.430172000000000000e+09
1.430172000000000000e+09
1.430258400000000000e+09
1.430258400000000000e+09
1.430258400000000000e+09
1.430344800000000000e+09
1.430344800000000000e+09
1.430344800000000000e+09
1.430344800000000000e+09
1.430344800000000000e+09
1.430344800000000000e+09
1.430344800000000000e+09
1.430344800000000000e+09
1.430344800000000000e+09
1.430344800000000000e+09
1.430344800000000000e+09
1.430344800000000000e+09
1.430431200000000000e+09
1.430431200000000000e+09
1.430431200000000000e+09
1.430431200000000000e+09
1.430431200000000000e+09
1.430431200000000000e+09
1.430431200000000000e+09
1.430431200000000000e+09
1.430431200000000000e+09
1.430431200000000000e+09
1.430431200000000000e+09
1.430517600000000000e+09
1.430604000000000000e+09
1.430690400000000000e+09
1.430690400000000000e+09
1.430690400000000000e+09
1.430690400000000000e+09
1.430776800000000000e+09
1.430776800000000000e+09
