6.094564102564103969e+00
6.332473118279569491e+00
6.381758241758240580e+00
6.382990654205606518e+00
5.925751633986927835e+00
6.339568345323739251e+00
6.165485232067509536e+00
6.211333333333334927e+00
6.073947368421050541e+00
6.168666666666665854e+00
6.187105263157893553e+00
6.342043795620436519e+00
6.247228915662648596e+00
5.966206896551726757e+00
6.295257731958762371e+00
6.157465753424655297e+00
6.285199999999997900e+00
6.454057971014492523e+00
6.397816091954022788e+00
6.305939393939394400e+00
6.331935483870966941e+00
6.377714285714286113e+00
6.037731958762885043e+00
6.212473118279569384e+00
6.034571428571429585e+00
6.285369127516779564e+00
6.000430107526881329e+00
6.437073170731705929e+00
6.300294117647057490e+00
5.720909090909091610e+00
-1.000000000000000000e+00
6.445853658536582209e+00
6.212658227848100623e+00
6.049565217391305261e+00
6.285230769230769177e+00
6.334721189591076218e+00
6.234164456233420637e+00
6.091958762886597434e+00
6.264126984126979991e+00
6.167749999999999844e+00
6.345633802816902147e+00
6.437627118644067892e+00
6.487796610169490386e+00
6.424205607476630497e+00
6.350512820512820511e+00
5.829550827423166659e+00
6.373287671232877649e+00
6.438846153846154330e+00
6.097458563535910869e+00
6.427569230769229591e+00
6.233442622950818190e+00
6.307671232876711720e+00
5.581355932203390324e+00
5.906486486486486776e+00
6.488823529411764213e+00
5.724749999999998451e+00
6.087753623188403296e+00
6.281025641025640205e+00
6.272972972972970851e+00
6.205869565217389194e+00
6.463291139240503469e+00
-1.000000000000000000e+00
6.351239669421487655e+00
6.081626016260162970e+00
6.354929577464788260e+00
6.229320388349511184e+00
6.068627450980391025e+00
6.020631578947367224e+00
6.240517241379310853e+00
6.657058823529414582e+00
5.808648648648646606e+00
5.985029940119758862e+00
6.250571428571428001e+00
5.965868263473052657e+00
5.846233766233765117e+00
6.256261682242986844e+00
6.228636363636365303e+00
5.965813953488371624e+00
6.278969072164947818e+00
5.755324675324676065e+00
5.973173652694612201e+00
6.121237113402060892e+00
6.252817679558011044e+00
5.845811965811965827e+00
6.465135135135133382e+00
6.454285714285715514e+00
6.195714285714288394e+00
6.017804878048780282e+00
6.251489361702127212e+00
5.945714285714283953e+00
6.205811965811963482e+00
6.027749999999999275e+00
6.175714285714283491e+00
6.419298245614037057e+00
6.374193548387096619e+00
6.152592592592593057e+00
6.169158878504671151e+00
6.244054054054053005e+00
6.021538461538460396e+00
5.988831168831168839e+00
5.900155038759687720e+00
6.446249999999999147e+00
6.046666666666665968e+00
6.146422018348620675e+00
6.365030674846624770e+00
6.522631578947370556e+00
6.088785046728970585e+00
6.325833333333331865e+00
6.018550724637681704e+00
6.467027027027026698e+00
6.319411764705883172e+00
6.214862385321100469e+00
6.455121951219513043e+00
5.983368421052632335e+00
6.322025316455694544e+00
6.061794871794871753e+00
5.985316455696202631e+00
6.317029702970294203e+00
6.150697674418608152e+00
-1.000000000000000000e+00
6.429350649350648261e+00
6.080606060606061014e+00
6.031515151515153939e+00
6.548831168831170224e+00
5.935109717868337853e+00
6.135700934579435106e+00
5.984883720930232798e+00
5.978870967741935161e+00
5.902777777777777679e+00
-1.000000000000000000e+00
6.135777777777776443e+00
-1.000000000000000000e+00
6.208913043478262672e+00
6.338987341772151396e+00
6.223376623376621453e+00
6.093626373626373827e+00
6.438701298701298370e+00
6.240582524271840015e+00
6.394228187919463124e+00
6.732658227848101085e+00
6.006535947712416501e+00
6.040192307692308304e+00
6.507142857142857117e+00
6.074444444444444535e+00
6.074444444444444535e+00
6.329923664122140359e+00
6.270638297872338285e+00
6.338474576271183381e+00
6.011200000000002319e+00
6.045504587155960508e+00
6.078370370370370424e+00
6.173888888888889426e+00
5.536785714285715976e+00
5.947297297297296836e+00
6.195777777777778716e+00
6.201095890410959655e+00
5.890921985815604778e+00
5.882698412698410984e+00
6.516024096385541142e+00
6.494929577464787052e+00
-1.000000000000000000e+00
6.060266666666664470e+00
6.338260869565216282e+00
6.305822784810128034e+00
6.060266666666664470e+00
6.026242774566474836e+00
6.425283018867922635e+00
6.236279069767441285e+00
6.420816326530612628e+00
6.189682539682539009e+00
5.885348837209304129e+00
6.409672131147543084e+00
6.217099236641222326e+00
6.248049535603715121e+00
5.915918367346936435e+00
5.848771929824560623e+00
6.429523809523808531e+00
6.305663082437277467e+00
5.760705882352942453e+00
6.408108108108107714e+00
6.416065573770493025e+00
6.091487179487178771e+00
-1.000000000000000000e+00
6.522364532019701677e+00
6.336150234741785958e+00
6.113765182186233105e+00
6.451797468354422804e+00
5.770090090090088886e+00
6.123389830508474851e+00
6.116428571428573768e+00
6.497910447761194419e+00
5.938494623655912186e+00
6.212427184466021934e+00
6.117523809523809142e+00
6.161946902654867664e+00
5.992117647058821994e+00
6.113721682847893746e+00
6.218888888888890243e+00
6.269473684210525199e+00
6.363823529411765101e+00
6.081874999999999254e+00
5.731549295774646779e+00
6.107619047619046171e+00
6.019487179487179596e+00
6.033972602739725133e+00
5.847052023121387165e+00
6.048096885813144752e+00
6.361739130434781231e+00
5.900604534005036150e+00
6.076885245901637589e+00
6.048436018957344729e+00
5.950769230769229701e+00
6.189999999999999503e+00
6.362366863905325687e+00
6.263950617283947864e+00
-1.000000000000000000e+00
6.394680851063828442e+00
6.260799999999997034e+00
6.336796116504851639e+00
6.238181818181820049e+00
6.180833333333331403e+00
5.966909090909091162e+00
6.191621621621621330e+00
5.655882352941175917e+00
6.212661870503597861e+00
6.045142857142854709e+00
6.198608695652174205e+00
6.395957446808509417e+00
6.183809523809522091e+00
6.113949579831930770e+00
5.999885057471263217e+00
6.327368421052631753e+00
5.827076923076920600e+00
6.249838709677417725e+00
6.212352941176470189e+00
6.091472081218271661e+00
6.167014218009479798e+00
5.903376623376622057e+00
6.293148148148144827e+00
6.094719999999999693e+00
6.186666666666666536e+00
5.909090909090909172e+00
6.136078431372547826e+00
6.411111111111110539e+00
6.290075187969925707e+00
5.971851851851851301e+00
6.015762711864404366e+00
6.584666666666665336e+00
6.042597402597403189e+00
6.237213114754096566e+00
5.876111111111107732e+00
6.050079999999999458e+00
6.452187500000001741e+00
6.135483870967738618e+00
6.031030927835051791e+00
6.031030927835051791e+00
6.012758620689655942e+00
6.180227272727274013e+00
6.202941176470589291e+00
6.239115044247786734e+00
6.101571428571426203e+00
6.026176470588234579e+00
5.949473684210526692e+00
6.267358490566035556e+00
6.136190476190475529e+00
6.223773584905660350e+00
5.837931034482756409e+00
5.805483870967740323e+00
6.456874999999998366e+00
6.122695652173908876e+00
6.105999999999997208e+00
6.255327102803736494e+00
6.503448275862067085e+00
6.034193548387096762e+00
6.239211822660094775e+00
6.314084507042252881e+00
6.362553191489362270e+00
6.148659793814434060e+00
5.919500000000000206e+00
5.995217391304347387e+00
6.181333333333335567e+00
6.075447154471544486e+00
6.201927710843373021e+00
6.058591549295774925e+00
6.104646464646465986e+00
6.231428571428570429e+00
6.186446280991733104e+00
6.191777777777777381e+00
5.885090909090904709e+00
6.081040892193307457e+00
6.127762557077619299e+00
6.303999999999998494e+00
6.149638554216868336e+00
5.823636363636363278e+00
6.275348837209302921e+00
6.168135593220339885e+00
6.269880952380950667e+00
5.995384615384615756e+00
6.017906976744184178e+00
6.062532751091700867e+00
5.912068965517240038e+00
6.403768115942028771e+00
6.161212121212121140e+00
5.992083333333329875e+00
6.181764705882352828e+00
6.154433962264151070e+00
6.323137254901959992e+00
5.813170731707315575e+00
6.200937500000001101e+00
5.988210526315786097e+00
6.181904761904762680e+00
5.857815126050421206e+00
5.691666666666668206e+00
5.796571428571429152e+00
6.222142857142854311e+00
6.171714285714286596e+00
5.890975609756098130e+00
6.389565217391304230e+00
5.967999999999999083e+00
6.162500000000001421e+00
6.094157303370786316e+00
6.205826771653542906e+00
6.087333333333333485e+00
6.201307189542482945e+00
6.405882352941174140e+00
6.201702127659572739e+00
6.107083333333332753e+00
5.905434782608693922e+00
6.385233644859812152e+00
6.216406249999999467e+00
6.408235294117646141e+00
6.399999999999998579e+00
6.426923076923077183e+00
6.139999999999999680e+00
6.543238095238095298e+00
6.395578947368421474e+00
5.979487179487177784e+00
6.163168316831683313e+00
6.461025641025639032e+00
6.346881720430106455e+00
6.044672364672361908e+00
5.794432989690721847e+00
6.389494949494944009e+00
6.166760563380279336e+00
5.853979238754326353e+00
6.029873417721520745e+00
6.209090909090901889e+00
6.171000000000000263e+00
6.117894736842106163e+00
5.776321839080459597e+00
6.122222222222219123e+00
6.143076923076923102e+00
5.853043478260871346e+00
6.301250000000000462e+00
6.289078014184398491e+00
6.141714285714286348e+00
5.973454545454544018e+00
5.985272727272723969e+00
6.438478260869565872e+00
6.146436781609191158e+00
5.946666666666668988e+00
6.159400000000000652e+00
6.053642384105958563e+00
6.472340425531914576e+00
6.347422680412370788e+00
6.167799999999997063e+00
6.231098265895953503e+00
6.270507812499999112e+00
6.316140350877194720e+00
6.284150943396224598e+00
6.190721649484537181e+00
5.995478260869563591e+00
5.782476190476189437e+00
6.102627118644065263e+00
6.252173913043475473e+00
5.955999999999997740e+00
5.900941176470586136e+00
6.022535211267606492e+00
6.196635514018687729e+00
6.077575757575757187e+00
5.985584415584416007e+00
5.937857142857144943e+00
6.196304347826087522e+00
6.152394366197185605e+00
6.294074074074072378e+00
5.739325842696628932e+00
6.569285714285712174e+00
6.162657342657342774e+00
6.374567901234568623e+00
6.200754716981132120e+00
6.072800000000000864e+00
6.044603174603173201e+00
5.864117647058825433e+00
6.068484848484850147e+00
6.225882352941177089e+00
6.237724550898202658e+00
6.111200000000001076e+00
6.246095238095237256e+00
6.478133333333333077e+00
6.025732484076431916e+00
6.198928571428568901e+00
6.218305084745764155e+00
6.039634146341462895e+00
6.215999999999997527e+00
5.972666666666666124e+00
6.129775280898874357e+00
6.249999999999999112e+00
6.349148936170212032e+00
6.172521739130433893e+00
5.907848101265822827e+00
5.999381443298966943e+00
6.118734177215190861e+00
6.204210526315788066e+00
5.744788732394367159e+00
6.197864077669902549e+00
5.578461538461538360e+00
6.189491525423727936e+00
6.239731543624161603e+00
6.411475409836065786e+00
6.275999999999995360e+00
6.073958333333332682e+00
6.244859813084110201e+00
6.071799999999996977e+00
6.137866666666666582e+00
5.503846153846152944e+00
6.264749999999998487e+00
5.902388059701494605e+00
5.614385964912280258e+00
6.309333333333333904e+00
6.110880829015547633e+00
5.963571428571428967e+00
6.547111111111111548e+00
5.805967741935480930e+00
6.239696969696971074e+00
6.259999999999998010e+00
6.085178571428568439e+00
6.261854304635761537e+00
6.281250000000000888e+00
5.834814814814813566e+00
6.345212765957446877e+00
6.032991452991454118e+00
5.892151898734176108e+00
6.089696969696968942e+00
6.236666666666666359e+00
6.154883720930225621e+00
6.120983606557375722e+00
6.269130434782609562e+00
6.197499999999999787e+00
6.258736842105260934e+00
5.944565217391306611e+00
6.181250000000001243e+00
6.132208835341364406e+00
6.108679245283015646e+00
6.196333333333335247e+00
5.797456140350877973e+00
6.377551020408163573e+00
6.174520547945204108e+00
6.099012345679014402e+00
6.225405405405404657e+00
6.083947368421052992e+00
6.093414634146340880e+00
6.083333333333333037e+00
6.035490196078430181e+00
5.981730769230769518e+00
5.848041237113401181e+00
6.108048780487805196e+00
6.147741935483872489e+00
6.518598726114648301e+00
6.371578947368420565e+00
6.225207100591717335e+00
6.375789473684208453e+00
5.794747474747476979e+00
6.183529411764705941e+00
5.931956521739130572e+00
5.778979591836734819e+00
5.963076923076920721e+00
6.065647058823530280e+00
6.150136986301368403e+00
6.344819277108432409e+00
6.175692307692307814e+00
5.812198581560283017e+00
6.043025210084033816e+00
6.331999999999997186e+00
5.993589743589743613e+00
6.007207207207207134e+00
5.899139784946237697e+00
6.275211267605631527e+00
6.226388888888889639e+00
6.298923076923076181e+00
6.235841584158416495e+00
6.205123966942148961e+00
6.310909090909090580e+00
5.950270270270269890e+00
6.207476635514013630e+00
5.846013071895423074e+00
6.200229885057469303e+00
6.019236641221374029e+00
6.231860465116277226e+00
5.937808219178082325e+00
6.131515151515152695e+00
6.260860215053759781e+00
5.972833333333331218e+00
6.251764705882352224e+00
6.173015873015873289e+00
6.189599999999999547e+00
6.250666666666666593e+00
6.124554455445541556e+00
5.754800000000001248e+00
6.304807692307690559e+00
5.892463768115941747e+00
5.912988505747127199e+00
6.277303370786515124e+00
6.335434782608694526e+00
5.945454545454544437e+00
6.430227272727274013e+00
6.068421052631578050e+00
6.545714285714282710e+00
5.994375000000000675e+00
5.919999999999999041e+00
6.190133333333333709e+00
6.210416666666667140e+00
6.124383561643835350e+00
6.118823529411764106e+00
6.576071428571430566e+00
6.355272727272724964e+00
6.053962264150944073e+00
6.185373134328357558e+00
6.416103896103897419e+00
5.954709677419353753e+00
5.917391304347825454e+00
6.004528301886788100e+00
6.060120481927710578e+00
6.149213483146066750e+00
6.333333333333331261e+00
6.421428571428569931e+00
5.951789473684206300e+00
6.328732394366197056e+00
6.211481481481479605e+00
5.895344827586206371e+00
6.049876543209874669e+00
5.724307692307690765e+00
6.401487603305783480e+00
6.144651162790696119e+00
5.953793103448274948e+00
6.192207792207791606e+00
6.234857142857141987e+00
6.137704918032787837e+00
6.307213114754098626e+00
6.053333333333332789e+00
6.313548387096775905e+00
5.886769230769227867e+00
6.218888888888889355e+00
6.012478632478633678e+00
5.837391304347824494e+00
5.917199999999999349e+00
6.081208053691272930e+00
5.747142857142859107e+00
6.058122448979591290e+00
6.472638888888887720e+00
6.292110091743114531e+00
6.089508196721309830e+00
6.166346153846152589e+00
5.979803921568625391e+00
6.085977011494249744e+00
6.044752475247523016e+00
6.110888888888887926e+00
6.357454545454547024e+00
6.202348178137648382e+00
6.221020408163261628e+00
6.349333333333332163e+00
6.075384615384614939e+00
6.199076923076919599e+00
6.142857142857143238e+00
5.706363636363636083e+00
5.558212290502791753e+00
6.025096153846151381e+00
6.179207920792077147e+00
6.025096153846151381e+00
6.405999999999997918e+00
5.945769230769228919e+00
6.358723404255316680e+00
5.968727272727273991e+00
6.137142857142857011e+00
6.345507246376811850e+00
6.290943396226414741e+00
6.207234042553191777e+00
6.055538461538461092e+00
6.265510204081629730e+00
5.760983606557377179e+00
6.093380281690136790e+00
6.501609195402296315e+00
6.287671232876713034e+00
6.208928571428569576e+00
6.208412698412694830e+00
6.190270270270271880e+00
6.209892473118279632e+00
5.847945205479452291e+00
6.343146067415726286e+00
6.161750000000000504e+00
6.079512195121949958e+00
5.983409090909089123e+00
5.901386138613858634e+00
5.686478873239436460e+00
6.308433734939759674e+00
6.032666666666663069e+00
5.970937499999998010e+00
6.035641025641026225e+00
5.976767676767677173e+00
6.343999999999999417e+00
6.087868852459016544e+00
6.150057803468206963e+00
6.097640449438201493e+00
6.280408163265306598e+00
6.125483870967743272e+00
5.725977011494254754e+00
6.098709677419354769e+00
6.285438596491228047e+00
6.014285714285713347e+00
6.055652173913042446e+00
5.943076923076923812e+00
6.020588235294115798e+00
6.493066666666667430e+00
6.259622641509431595e+00
6.000444444444445580e+00
6.186666666666666536e+00
6.480937499999997797e+00
6.307582938388627269e+00
6.493066666666667430e+00
6.259622641509431595e+00
6.215806451612903238e+00
5.956666666666667886e+00
6.307582938388627269e+00
6.233617021276597114e+00
6.122575757575756228e+00
6.119440559440556981e+00
6.119440559440556981e+00
6.175301204819278134e+00
5.997113402061856391e+00
6.097966101694911600e+00
6.055529411764705827e+00
6.051151515151513394e+00
6.020833333333330373e+00
6.020833333333330373e+00
6.083571428571429962e+00
6.250467289719622954e+00
5.818426966292136626e+00
6.294434782608694157e+00
5.838196721311474491e+00
5.799999999999998934e+00
6.133617021276594805e+00
5.859544303797465936e+00
