6.284814814814813744e+00
6.393181818181818521e+00
6.453333333333331367e+00
6.422083333333334032e+00
6.121081081081078068e+00
6.430084033613444383e+00
6.302970297029700575e+00
6.301923076923078959e+00
6.328869565217388526e+00
6.259230769230769376e+00
6.262295081967211630e+00
6.385378151260503010e+00
6.253714285714282894e+00
6.410232558139538739e+00
6.481095890410959015e+00
6.311069767441865430e+00
6.496470588235292887e+00
6.505882352941175562e+00
6.459493670886074845e+00
6.483741007194242734e+00
6.472799999999999443e+00
6.365625000000000533e+00
6.209250000000002601e+00
6.372549019607840037e+00
6.290689655172415407e+00
6.401159420289856072e+00
6.119740259740256150e+00
6.621818181818179383e+00
6.435515151515152077e+00
5.933461538461537899e+00
-1.000000000000000000e+00
6.629444444444441586e+00
6.384062499999999751e+00
6.182025316455696640e+00
6.376792452830188473e+00
6.449339207048450540e+00
6.316319018404906060e+00
6.220526315789473237e+00
6.368272727272727529e+00
6.400597014925372363e+00
6.507719298245614681e+00
6.426037735849056354e+00
6.501454545454545375e+00
6.537883597883595854e+00
6.477647058823528425e+00
6.118424657534244027e+00
6.487538461538461476e+00
6.541791044776122277e+00
6.317065637065635286e+00
6.418523489932884907e+00
6.254867256637166584e+00
6.712881355932202254e+00
5.740000000000001101e+00
6.188484848484846701e+00
6.579230769230769660e+00
5.945666666666665101e+00
6.205803571428570642e+00
6.414374999999998828e+00
6.530140845070421918e+00
6.446933333333332961e+00
6.526268656716418093e+00
-1.000000000000000000e+00
6.433333333333332682e+00
6.415670103092783627e+00
6.394333333333332092e+00
6.467415730337076063e+00
6.272563176895302739e+00
6.164556962025313780e+00
6.535662650602411361e+00
6.857037037037038374e+00
6.046206896551722387e+00
6.162314049586776754e+00
6.443548387096774022e+00
6.299639639639638133e+00
6.054576271186443037e+00
6.424086021505376110e+00
6.295652173913045324e+00
6.138082191780821262e+00
6.289629629629629903e+00
5.982222222222222108e+00
6.021351351351350800e+00
6.305822784810127146e+00
6.460272108843535754e+00
5.977999999999999758e+00
6.498333333333331296e+00
6.538208955223882235e+00
6.266944444444446205e+00
6.073517241379309262e+00
6.371052631578947079e+00
6.090980392156862600e+00
6.313846153846151665e+00
6.054999999999997939e+00
6.345599999999997465e+00
6.420000000000000817e+00
6.434181818181818890e+00
6.184173913043478521e+00
6.312688172043006141e+00
6.214848484848483956e+00
6.150434782608695805e+00
6.287499999999999645e+00
6.196249999999998259e+00
6.501458333333335560e+00
6.097966101694912489e+00
6.356734693877547748e+00
6.489635036496348874e+00
6.538840579710146983e+00
6.293975903614455802e+00
6.366666666666664476e+00
6.130526315789476044e+00
6.609696969696969404e+00
6.375443037974682703e+00
6.471739130434782439e+00
6.527027027027028083e+00
6.082790697674418823e+00
6.469142857142855085e+00
6.283076923076923670e+00
6.228529411764704982e+00
6.465909090909089940e+00
6.425479452054796425e+00
-1.000000000000000000e+00
6.574153846153844682e+00
6.156774193548387508e+00
6.252571428571431333e+00
6.600857142857142534e+00
6.078165137614675473e+00
6.407228915662649626e+00
6.224117647058823977e+00
6.206138613861384101e+00
5.912799999999999834e+00
-1.000000000000000000e+00
6.353333333333329946e+00
-1.000000000000000000e+00
6.341038961038961475e+00
6.350769230769231832e+00
6.463437500000001279e+00
6.225500000000000256e+00
6.511612903225807436e+00
6.413411764705878149e+00
6.484923076923077012e+00
6.750882352941175668e+00
6.140909090909088874e+00
6.066593406593406179e+00
6.578918918918918557e+00
6.321720430107530042e+00
6.321297297297300943e+00
6.459090909090908994e+00
6.379523809523806932e+00
6.522115384615379874e+00
6.069310344827586690e+00
6.350888888888887251e+00
6.170256410256408586e+00
6.139666666666668604e+00
6.000000000000000000e+00
6.206896551724137012e+00
6.275999999999999801e+00
6.308888888888890989e+00
5.981081081081080164e+00
5.918909090909090231e+00
6.591506849315067029e+00
6.590666666666664675e+00
-1.000000000000000000e+00
6.251404958677685642e+00
6.401707317073173087e+00
6.521250000000000213e+00
6.251404958677685642e+00
6.277575757575758253e+00
6.521052631578946546e+00
6.217500000000000249e+00
6.555348837209302282e+00
6.386868686868686140e+00
6.048648648648650372e+00
6.453904761904765586e+00
6.311896551724139215e+00
6.327986577181206940e+00
6.051904761904761898e+00
5.926956521739128902e+00
6.441621621621623106e+00
6.484229074889868549e+00
6.010333333333333528e+00
6.527692307692308127e+00
6.398275862068967257e+00
6.257610062893079750e+00
-1.000000000000000000e+00
6.548022598870056221e+00
6.393775510204082302e+00
6.171004784688995493e+00
6.497371428571427465e+00
5.708533333333331683e+00
6.283168316831684308e+00
6.416380952380953850e+00
6.528602150537635040e+00
6.205454545454545112e+00
6.312967032967035763e+00
6.248809523809522481e+00
6.326041666666667673e+00
6.192142857142856727e+00
6.169999999999999041e+00
6.394647887323940516e+00
6.507596899224805220e+00
6.449439252336450323e+00
6.431707317073170671e+00
6.058064516129031851e+00
6.246476190476187185e+00
6.315714285714285836e+00
6.350491803278687897e+00
6.071111111111111569e+00
6.268590308370033171e+00
6.470526315789472349e+00
6.123557046979864360e+00
6.348163265306119740e+00
6.262337662337666089e+00
6.256097560975608651e+00
6.282777777777777573e+00
6.630069930069929285e+00
6.376271186440677141e+00
-1.000000000000000000e+00
6.548607594936709297e+00
6.369670329670325870e+00
6.369157894736840575e+00
6.418709677419356829e+00
6.263333333333334529e+00
6.198297872340426728e+00
6.352413793103447226e+00
5.862891566265062693e+00
6.453629629629629605e+00
6.148999999999999133e+00
6.279803921568626990e+00
6.439277108433735464e+00
6.344318181818181301e+00
6.158113207547169843e+00
6.017662337662335936e+00
6.400000000000000355e+00
5.916363636363634271e+00
6.326620046620033300e+00
6.268275862068963811e+00
6.324024390243902616e+00
6.277109826589594377e+00
5.915178571428567622e+00
6.353999999999997428e+00
6.211926605504584309e+00
6.465423728813558313e+00
6.012835820895521266e+00
6.310909090909089691e+00
6.473255813953487703e+00
6.424587155963302543e+00
6.158809523809522624e+00
6.219599999999998019e+00
6.626666666666666039e+00
6.328524590163933539e+00
6.353873873873874700e+00
6.023548387096769652e+00
6.185471698113206962e+00
6.556610169491526641e+00
6.229571428571426317e+00
6.200124223602483831e+00
6.200124223602483831e+00
6.169777777777777139e+00
6.307567567567568645e+00
6.226774193548386904e+00
6.434020618556700377e+00
6.273008130081299427e+00
6.367169811320753325e+00
6.073999999999999844e+00
6.410804597701145191e+00
6.276551724137930499e+00
6.283555555555555117e+00
6.013859649122802686e+00
5.992340425531915038e+00
6.496428571428570997e+00
6.268704663212434802e+00
6.275229357798163043e+00
6.330909090909091042e+00
6.584675324675325570e+00
6.186415094339621668e+00
6.295471698113207282e+00
6.343870967741933597e+00
6.515813953488372334e+00
6.333503184713375589e+00
6.168235294117645928e+00
6.101000000000000867e+00
6.381016949152544804e+00
6.293445378151259817e+00
6.347384615384616957e+00
6.351578947368420991e+00
6.156976744186049011e+00
6.206666666666665222e+00
6.245981308411209909e+00
6.273086419753086673e+00
5.800444444444443626e+00
6.156433408577874467e+00
6.269529411764705351e+00
6.451111111111110574e+00
6.244057971014491670e+00
5.963816793893127688e+00
6.350810810810811446e+00
6.200000000000001066e+00
6.319999999999997620e+00
6.232753623188405534e+00
6.149736842105260060e+00
6.242045454545453786e+00
6.117142857142854773e+00
6.429491525423728149e+00
6.519555555555553994e+00
6.108205128205128176e+00
6.357142857142855874e+00
6.303687150837986586e+00
6.564102564102562987e+00
6.092210526315787966e+00
6.309382716049383610e+00
6.164249999999998231e+00
6.273333333333330764e+00
6.023958333333336412e+00
5.757659574468084962e+00
5.887333333333333307e+00
6.319444444444441977e+00
6.342142857142857970e+00
5.978550724637681668e+00
6.522711864406778304e+00
5.873999999999998778e+00
6.242807017543862358e+00
6.188590604026845021e+00
6.363148148148147776e+00
6.198133333333332828e+00
6.276307692307691255e+00
6.493809523809522588e+00
6.346165413533833011e+00
6.451351351351349628e+00
6.213611111111109864e+00
6.406666666666665400e+00
6.372407407407406410e+00
6.467674418604651088e+00
6.564210526315789274e+00
6.498918918918918486e+00
6.305526315789471425e+00
6.575463917525773638e+00
6.540425531914895174e+00
6.182352941176469940e+00
6.274999999999999467e+00
6.469729729729728263e+00
6.391325301204818565e+00
6.242631578947363202e+00
5.970886075949366045e+00
6.452000000000000846e+00
6.312068965517239505e+00
5.941467181467183778e+00
6.227812500000001528e+00
6.252499999999995062e+00
6.297471264367816346e+00
6.449811320754718302e+00
6.068857142857143394e+00
6.421818181818178317e+00
6.252765957446808187e+00
6.255600000000002048e+00
6.424680851063829579e+00
6.433884297520663154e+00
6.372413793103448576e+00
6.249111111111109729e+00
6.059999999999997833e+00
6.514022988505749012e+00
6.256030534351140204e+00
6.009795918367347056e+00
6.305121951219511800e+00
6.154960629921257365e+00
6.446341463414631434e+00
6.569268292682926003e+00
6.338313253012048953e+00
6.437793103448277598e+00
6.425583524027454807e+00
6.435769230769230909e+00
6.538202247191008176e+00
6.372614379084968306e+00
6.201956521739129258e+00
5.897176470588235020e+00
6.339468085106379824e+00
6.349523809523806683e+00
6.015789473684209021e+00
6.089589041095889499e+00
6.219622641509433336e+00
6.282365591397844895e+00
6.105818181818180257e+00
6.060444444444444301e+00
6.179368421052631177e+00
6.324999999999999289e+00
6.215000000000001634e+00
6.431566265060243204e+00
5.820579710144927255e+00
6.608051948051945956e+00
6.407289719626166224e+00
6.413783783783783221e+00
6.301839080459769704e+00
6.257812499999999112e+00
6.361212121212118653e+00
6.175599999999999312e+00
6.160124223602485571e+00
6.383461538461539853e+00
6.290136986301368971e+00
6.385625000000000995e+00
6.434090909090912191e+00
6.588571428571428079e+00
6.275714285714284024e+00
6.365857142857142215e+00
6.335000000000000853e+00
6.147910447761192998e+00
6.318999999999998174e+00
5.999285714285713667e+00
6.370131578947368034e+00
6.351428571428570535e+00
6.489367088607592926e+00
6.262526315789473053e+00
6.120944881889764488e+00
6.109610389610386605e+00
6.347636363636363299e+00
6.236190476190473397e+00
5.987586206896554408e+00
6.358780487804875925e+00
5.707586206896552383e+00
6.261702127659573236e+00
6.346929133858269623e+00
6.553191489361702260e+00
6.325063291139240818e+00
6.284390243902437945e+00
6.355581395348836260e+00
6.362077922077920888e+00
6.379692307692307551e+00
5.672500000000001208e+00
6.452571428571427070e+00
6.033898305084747449e+00
5.704210526315789842e+00
6.428059701492538025e+00
6.252709677419356460e+00
6.135151515151515689e+00
6.552857142857142492e+00
5.936909090909088249e+00
6.278387096774194376e+00
6.294999999999999929e+00
6.248842105263156199e+00
6.366569343065693332e+00
6.394603174603174622e+00
5.980000000000000426e+00
6.413450292397659958e+00
6.174893617021277592e+00
6.090476190476189267e+00
6.305063291139241244e+00
6.333548387096774590e+00
6.311228070175435967e+00
6.106538461538461249e+00
6.565074626865671448e+00
6.322085889570550954e+00
6.357977528089886476e+00
6.078000000000000291e+00
6.230120481927711396e+00
6.274597156398102449e+00
6.285999999999998700e+00
6.247999999999998444e+00
5.805909090909091574e+00
6.589523809523810449e+00
6.290163934426229453e+00
6.225333333333333385e+00
6.391428571428571459e+00
6.190967741935482493e+00
6.144776119402985515e+00
6.456170212765958816e+00
6.113023255813954115e+00
5.988791208791210074e+00
6.091282051282050247e+00
6.312923076923076415e+00
6.335294117647059409e+00
6.571654676258991579e+00
6.539999999999998259e+00
6.309448818897637423e+00
6.373076923076921751e+00
5.985679012345681116e+00
6.303278688524591722e+00
6.103835616438355594e+00
5.886749999999999261e+00
6.110638297872339031e+00
6.186969696969697452e+00
6.308474576271186685e+00
6.470909090909088945e+00
6.488695652173912087e+00
5.888479999999999492e+00
6.150638297872341731e+00
6.458372093023255545e+00
6.056111111111110112e+00
6.049247311827956608e+00
6.092345679012344917e+00
6.377586206896549648e+00
6.404193548387096868e+00
6.450892857142855874e+00
6.413411764705883478e+00
6.411650485436892311e+00
6.449666666666666437e+00
6.053114754098358752e+00
6.314457831325301918e+00
6.037322834645665104e+00
6.448311688311687107e+00
6.239433962264151035e+00
6.308333333333333570e+00
6.085396825396824028e+00
6.227586206896551957e+00
6.506666666666665044e+00
6.335681818181813973e+00
6.400689655172413950e+00
6.288214285714286866e+00
6.303333333333331900e+00
6.470769230769231051e+00
6.318554216867470430e+00
5.921463414634146716e+00
6.366818181818183042e+00
5.963103448275861140e+00
5.972278481012657458e+00
6.527792207792206369e+00
6.589275362318840479e+00
6.346122448979591546e+00
6.448157894736843865e+00
6.252784810126578385e+00
6.831052631578945267e+00
6.214722222222222037e+00
6.027118644067797071e+00
6.209538461538461895e+00
6.459500000000000242e+00
6.242295081967213832e+00
6.217241379310345373e+00
6.628349514563107725e+00
6.544175824175820111e+00
6.149315068493149461e+00
6.433084112149532352e+00
6.427142857142858823e+00
6.117297297297294101e+00
6.226071428571428257e+00
6.174772727272727302e+00
6.281789473684209923e+00
6.314102564102562987e+00
6.453070866141731088e+00
6.467499999999998472e+00
6.016842105263156881e+00
6.509428571428570010e+00
6.372045454545451904e+00
6.123157894736842799e+00
6.199402985074623729e+00
5.864561403508769644e+00
6.389038461538458336e+00
6.210280373831775336e+00
6.087945205479450728e+00
6.341243523316062891e+00
6.309180327868851634e+00
6.263018867924528443e+00
6.395769230769231761e+00
6.213134328358208336e+00
6.332142857142859960e+00
6.043272727272722911e+00
6.506428571428570784e+00
6.190707070707071935e+00
6.086666666666666892e+00
6.171904761904761116e+00
6.281487603305786038e+00
5.943384615384616154e+00
6.205346534653464197e+00
6.526074074074074360e+00
6.394505494505493104e+00
6.230566037735848717e+00
6.345777777777778184e+00
6.227951807228914838e+00
6.201069518716579410e+00
6.237604790419162271e+00
6.413731343283579633e+00
6.426000000000000156e+00
6.309569377990427164e+00
6.367999999999998550e+00
6.417600000000000193e+00
6.192727272727271526e+00
6.340175438596486579e+00
6.360937500000000355e+00
6.267857142857144126e+00
5.793709677419351500e+00
6.192682926829265355e+00
6.301463414634148386e+00
6.192682926829265355e+00
6.403835616438358080e+00
6.116744186046511267e+00
6.423037974683542650e+00
6.045652173913043548e+00
6.290163934426230341e+00
6.432666666666666089e+00
6.465454545454545787e+00
6.399512195121951130e+00
6.354392523364485790e+00
6.263376623376624153e+00
5.887924528301886617e+00
6.265142857142854460e+00
6.487317073170730808e+00
6.375161290322580498e+00
6.356763005780344145e+00
6.223725490196073018e+00
6.238709677419356225e+00
6.270120481927708767e+00
5.940645161290322385e+00
6.410769230769228777e+00
6.225675675675676146e+00
6.085142857142856521e+00
6.104210526315787533e+00
6.090465116279066393e+00
5.894385964912281395e+00
6.400857142857141469e+00
6.166575342465751675e+00
6.051724137931032921e+00
6.110303030303032124e+00
6.194457831325300923e+00
6.343999999999999417e+00
6.249906542056073988e+00
6.306711409395970414e+00
6.341527777777774766e+00
6.453647058823528404e+00
6.253207547169810532e+00
5.845633802816902147e+00
6.125600000000000378e+00
6.624848484848482322e+00
6.219999999999998863e+00
6.241298701298699569e+00
6.102068965517240429e+00
6.307951807228914021e+00
6.469428571428571750e+00
6.372727272727271242e+00
6.130540540540541095e+00
6.227407407407406836e+00
6.630909090909088199e+00
6.476881720430106348e+00
6.469428571428571750e+00
6.372727272727271242e+00
6.426923076923078071e+00
6.157872340425533331e+00
6.476881720430106348e+00
6.352894736842106482e+00
6.341983471074379430e+00
6.332517985611509914e+00
6.332517985611509914e+00
6.224768211920530092e+00
6.146823529411766351e+00
6.180377358490562578e+00
6.122580645161291635e+00
6.130067114093955993e+00
6.255056179775282388e+00
6.255056179775282388e+00
6.339130434782608070e+00
6.440652173913043121e+00
6.281739130434783824e+00
6.390103092783504302e+00
5.953267326732675002e+00
6.201538461538461000e+00
6.285063291139242558e+00
6.195605381165917969e+00
