6.334814814814814454e+00
6.105199999999999072e+00
6.068484848484848371e+00
6.419999999999999929e+00
5.751363636363636012e+00
5.890714285714286902e+00
5.872857142857143664e+00
6.071898734177215040e+00
6.342043795620436519e+00
6.261351351351351902e+00
6.454057971014492523e+00
6.395731707317073855e+00
6.277884615384611955e+00
6.026382978723404449e+00
6.279478260869560735e+00
6.016478873239434755e+00
6.060740740740743426e+00
6.221578947368421098e+00
6.090256410256410291e+00
6.071315789473685776e+00
6.106808510638299659e+00
6.127762557077619299e+00
6.081040892193307457e+00
5.967999999999999083e+00
6.094157303370786316e+00
6.205826771653542906e+00
6.279999999999998472e+00
6.232992700729926838e+00
6.152394366197185605e+00
6.172521739130433893e+00
6.239731543624161603e+00
6.206382978723404165e+00
6.165470085470084349e+00
5.998800000000001020e+00
6.286413043478261464e+00
5.944565217391306611e+00
5.955238095238095219e+00
6.015337423312882237e+00
6.132208835341364406e+00
6.196333333333335247e+00
6.093414634146340880e+00
6.174520547945204108e+00
5.981730769230769518e+00
6.035490196078430181e+00
5.848041237113401181e+00
6.375789473684208453e+00
6.295438596491218952e+00
5.794747474747476979e+00
5.971652173913041928e+00
6.065647058823530280e+00
6.244787234042548540e+00
5.812198581560283017e+00
6.026307692307689479e+00
5.993589743589743613e+00
6.094600000000000684e+00
5.967901234567900559e+00
6.221641791044776326e+00
5.950270270270269890e+00
6.205123966942148961e+00
6.232479999999998910e+00
6.019236641221374029e+00
6.083373493975901880e+00
5.937808219178082325e+00
5.787777777777779242e+00
6.067323943661971697e+00
6.251764705882352224e+00
5.822784810126580446e+00
5.993846153846151381e+00
6.173015873015873289e+00
6.032038834951454653e+00
6.124554455445541556e+00
5.892463768115941747e+00
6.153508771929821819e+00
5.912988505747127199e+00
5.974285714285714199e+00
5.749000000000000554e+00
6.045263157894736672e+00
6.430227272727274013e+00
6.335434782608694526e+00
5.945454545454544437e+00
6.141243523316063602e+00
5.884137931034481461e+00
6.236111111111110716e+00
6.269743589743589141e+00
5.613521126760562474e+00
6.210416666666667140e+00
6.576071428571430566e+00
6.416103896103897419e+00
6.355272727272724964e+00
6.004528301886788100e+00
5.955000000000000959e+00
6.163666666666667737e+00
5.850476190476190830e+00
6.216507936507935206e+00
6.328732394366197056e+00
5.802857142857141604e+00
6.060120481927710578e+00
5.974951456310676257e+00
5.963614457831323712e+00
5.797575757575756938e+00
6.045321100917427692e+00
5.478750000000000675e+00
5.887663551401871587e+00
6.192207792207791606e+00
6.263999999999998458e+00
5.544122137404577266e+00
5.874999999999998224e+00
6.244651162790697541e+00
5.780266666666665998e+00
6.183030303030303543e+00
5.977948717948714297e+00
6.053333333333332789e+00
6.313548387096775905e+00
6.095689655172413346e+00
5.930201342281879562e+00
6.012478632478633678e+00
6.218888888888889355e+00
5.781443298969073830e+00
6.166346153846152589e+00
6.270841121495324799e+00
6.085977011494249744e+00
6.044752475247523016e+00
6.506178010471197481e+00
5.901199999999999335e+00
6.156704980842912178e+00
6.349333333333332163e+00
6.288405797101452421e+00
5.794939759036144444e+00
6.075384615384614939e+00
6.181560283687941748e+00
5.825132743362832599e+00
5.706363636363636083e+00
6.175229357798163399e+00
5.982982456140350180e+00
6.030315789473681853e+00
5.894000000000000128e+00
5.945769230769228919e+00
6.098014184397161586e+00
6.246194690265488347e+00
6.025096153846151381e+00
6.025096153846151381e+00
6.405999999999997918e+00
5.397222222222222143e+00
5.968727272727273991e+00
6.358723404255316680e+00
5.364651162790697647e+00
5.992340425531915926e+00
6.046764705882352153e+00
6.055538461538461092e+00
6.186129032258064875e+00
6.120683760683759189e+00
5.673015873015872401e+00
5.925428571428571267e+00
6.157346938775508427e+00
6.093380281690136790e+00
6.074022988505746845e+00
6.208412698412694830e+00
6.316744186046513221e+00
6.064190476190477241e+00
6.190270270270271880e+00
6.286707317073167545e+00
6.137924528301884841e+00
5.830250000000001265e+00
6.079512195121949958e+00
6.230980392156862280e+00
5.972777777777776187e+00
5.686478873239436460e+00
6.063636363636359938e+00
5.801621621621622538e+00
5.742531645569617815e+00
6.343999999999999417e+00
5.976767676767677173e+00
6.087868852459016544e+00
6.306857142857144716e+00
5.882258064516127760e+00
6.467027027027026698e+00
5.987228915662649698e+00
5.960540540540540277e+00
5.819891891891888491e+00
6.055652173913042446e+00
5.943076923076923812e+00
6.418787878787878931e+00
6.215806451612903238e+00
6.051151515151513394e+00
6.045142857142857373e+00
5.997113402061856391e+00
5.938709677419355515e+00
6.253066666666668993e+00
6.086993006993009381e+00
6.037647058823530699e+00
6.250467289719622954e+00
6.294434782608694157e+00
6.178343949044584171e+00
5.838196721311474491e+00
5.955180722891566525e+00
5.799999999999998934e+00
6.142857142857143238e+00
5.691136363636363882e+00
6.068979591836732190e+00
5.808372093023256966e+00
5.883690987124462701e+00
6.069620253164556445e+00
