6.395238095238095610e+00
6.282222222222221930e+00
6.342142857142855306e+00
6.592500000000000249e+00
6.018333333333334423e+00
6.205000000000000959e+00
6.143999999999999240e+00
6.181818181818180769e+00
6.385378151260503010e+00
6.370000000000000107e+00
6.505882352941175562e+00
6.448057553956832777e+00
6.393684210526313194e+00
6.303428571428571381e+00
6.260208333333330266e+00
6.247931034482757440e+00
6.311604938271603515e+00
6.327096774193548434e+00
6.363582089552238585e+00
6.349846153846153918e+00
6.220000000000001528e+00
6.269529411764705351e+00
6.156433408577874467e+00
5.873999999999998778e+00
6.188590604026845021e+00
6.363148148148147776e+00
6.366206896551722672e+00
6.267936507936507695e+00
6.215000000000001634e+00
6.262526315789473053e+00
6.346929133858269623e+00
6.351428571428571423e+00
6.302970297029702351e+00
6.200000000000001066e+00
6.444078947368423016e+00
6.078000000000000291e+00
6.087605633802817273e+00
6.147352941176471575e+00
6.274597156398102449e+00
6.247999999999998444e+00
6.144776119402985515e+00
6.290163934426229453e+00
5.988791208791210074e+00
6.113023255813954115e+00
6.091282051282050247e+00
6.373076923076921751e+00
6.442269129287596208e+00
5.985679012345681116e+00
6.408333333333333215e+00
6.186969696969697452e+00
6.319499999999999673e+00
5.888479999999999492e+00
6.145438596491225702e+00
6.056111111111110112e+00
6.410249999999999559e+00
6.246470588235292887e+00
6.324869565217390743e+00
6.053114754098358752e+00
6.411650485436892311e+00
6.465434782608696196e+00
6.239433962264151035e+00
6.267384615384613333e+00
6.085396825396824028e+00
6.057500000000000995e+00
6.271935483870967332e+00
6.400689655172413950e+00
6.024062500000000320e+00
6.341649484536083570e+00
6.288214285714286866e+00
6.279294117647057583e+00
6.318554216867470430e+00
5.963103448275861140e+00
6.278279569892470491e+00
5.972278481012657458e+00
5.940000000000000391e+00
5.943636363636363384e+00
6.060799999999999521e+00
6.448157894736843865e+00
6.589275362318840479e+00
6.346122448979591546e+00
6.295616438356165467e+00
6.368571428571426551e+00
6.365419354838707910e+00
6.408735632183907072e+00
5.872542372881355277e+00
6.459500000000000242e+00
6.628349514563107725e+00
6.427142857142858823e+00
6.544175824175820111e+00
6.174772727272727302e+00
6.174098360655738915e+00
6.425531914893619856e+00
5.937948717948719590e+00
6.267307692307690914e+00
6.509428571428570010e+00
5.975227272727270389e+00
6.281789473684209923e+00
6.196144578313250051e+00
6.107868852459016118e+00
6.065476190476189799e+00
6.265647058823529569e+00
5.799999999999999822e+00
6.210843373493974973e+00
6.341243523316062891e+00
6.376444444444441473e+00
5.870816326530610141e+00
6.141075268817203003e+00
6.402535211267604609e+00
5.854545454545453609e+00
6.459565217391302738e+00
6.101523809523809128e+00
6.213134328358208336e+00
6.332142857142859960e+00
6.126666666666666039e+00
6.153174603174601742e+00
6.190707070707071935e+00
6.506428571428570784e+00
6.123846153846154827e+00
6.345777777777778184e+00
6.387999999999998124e+00
6.201069518716579410e+00
6.237604790419162271e+00
6.552183908045972949e+00
6.042790697674417899e+00
6.310389610389610660e+00
6.417600000000000193e+00
6.464210526315790517e+00
5.920298507462686821e+00
6.192727272727271526e+00
6.359338842975202688e+00
5.939622641509434864e+00
6.267857142857144126e+00
6.303999999999998494e+00
6.253483146067415177e+00
6.249333333333334295e+00
6.040461538461537216e+00
6.116744186046511267e+00
6.198974358974358445e+00
6.304946236559142214e+00
6.192682926829265355e+00
6.192682926829265355e+00
6.403835616438358080e+00
5.463750000000000107e+00
6.045652173913043548e+00
6.423037974683542650e+00
5.465142857142858190e+00
6.275499999999999190e+00
6.325882352941175846e+00
6.354392523364485790e+00
6.328571428571428292e+00
6.343829787234039230e+00
5.972500000000000142e+00
6.313571428571428612e+00
6.348205128205127501e+00
6.265142857142854460e+00
6.281449275362315454e+00
6.223725490196073018e+00
6.472432432432432492e+00
6.270114942528737245e+00
6.238709677419356225e+00
6.375522388059699175e+00
6.272765957446806873e+00
5.982153846153847709e+00
6.085142857142856521e+00
6.202380952380950774e+00
6.094666666666666011e+00
5.894385964912281395e+00
6.351372549019604463e+00
6.002666666666666373e+00
5.941044776119400517e+00
6.343999999999999417e+00
6.194457831325300923e+00
6.249906542056073988e+00
6.551272727272728247e+00
6.060769230769230020e+00
6.524242424242425287e+00
6.094015748031494262e+00
6.088484848484847944e+00
6.154965034965031556e+00
6.241298701298699569e+00
6.102068965517240429e+00
6.427666666666665307e+00
6.426923076923078071e+00
6.130067114093955993e+00
6.294074074074071490e+00
6.146823529411766351e+00
6.108051948051947733e+00
6.400000000000002132e+00
6.233636363636366085e+00
6.047017543859649180e+00
6.440652173913043121e+00
6.390103092783504302e+00
6.300444444444442738e+00
5.953267326732675002e+00
6.198571428571428399e+00
6.201538461538461000e+00
6.243137254901959921e+00
6.053623188405798494e+00
6.201333333333332476e+00
5.787792207792208821e+00
6.195605381165917969e+00
6.330937499999998330e+00
