1.305324000000000000e+09
1.305324000000000000e+09
1.312236000000000000e+09
1.314741600000000000e+09
1.314828000000000000e+09
1.315432800000000000e+09
1.390777200000000000e+09
1.399500000000000000e+09
1.399845600000000000e+09
1.400709600000000000e+09
1.400968800000000000e+09
1.401055200000000000e+09
1.408917600000000000e+09
1.409522400000000000e+09
1.409781600000000000e+09
1.409868000000000000e+09
1.409954400000000000e+09
1.410127200000000000e+09
1.411423200000000000e+09
1.411423200000000000e+09
1.418511600000000000e+09
1.419548400000000000e+09
1.419548400000000000e+09
1.420758000000000000e+09
1.420844400000000000e+09
1.420844400000000000e+09
1.421276400000000000e+09
1.421362800000000000e+09
1.422658800000000000e+09
1.423263600000000000e+09
1.423350000000000000e+09
1.423436400000000000e+09
1.424127600000000000e+09
1.424127600000000000e+09
1.424127600000000000e+09
1.424214000000000000e+09
1.424300400000000000e+09
1.424386800000000000e+09
1.424386800000000000e+09
1.424473200000000000e+09
1.424646000000000000e+09
1.424646000000000000e+09
1.424818800000000000e+09
1.424818800000000000e+09
1.424818800000000000e+09
1.425078000000000000e+09
1.425164400000000000e+09
1.425164400000000000e+09
1.425250800000000000e+09
1.425250800000000000e+09
1.425250800000000000e+09
1.425423600000000000e+09
1.425423600000000000e+09
1.425510000000000000e+09
1.425596400000000000e+09
1.425682800000000000e+09
1.425682800000000000e+09
1.425682800000000000e+09
1.425682800000000000e+09
1.425682800000000000e+09
1.425769200000000000e+09
1.425855600000000000e+09
1.425855600000000000e+09
1.425855600000000000e+09
1.425855600000000000e+09
1.425942000000000000e+09
1.426028400000000000e+09
1.426028400000000000e+09
1.426028400000000000e+09
1.426114800000000000e+09
1.426114800000000000e+09
1.426201200000000000e+09
1.426287600000000000e+09
1.426287600000000000e+09
1.426287600000000000e+09
1.426287600000000000e+09
1.426287600000000000e+09
1.426374000000000000e+09
1.426374000000000000e+09
1.426374000000000000e+09
1.426374000000000000e+09
1.426460400000000000e+09
1.426460400000000000e+09
1.426546800000000000e+09
1.426546800000000000e+09
1.426546800000000000e+09
1.426633200000000000e+09
1.426719600000000000e+09
1.426719600000000000e+09
1.426806000000000000e+09
1.426806000000000000e+09
1.426806000000000000e+09
1.426978800000000000e+09
1.426978800000000000e+09
1.426978800000000000e+09
1.426978800000000000e+09
1.426978800000000000e+09
1.427065200000000000e+09
1.427065200000000000e+09
1.427151600000000000e+09
1.427151600000000000e+09
1.427151600000000000e+09
1.427238000000000000e+09
1.427238000000000000e+09
1.427324400000000000e+09
1.427324400000000000e+09
1.427324400000000000e+09
1.427324400000000000e+09
1.427324400000000000e+09
1.427410800000000000e+09
1.427410800000000000e+09
1.427497200000000000e+09
1.427497200000000000e+09
1.427497200000000000e+09
1.427497200000000000e+09
1.427666400000000000e+09
1.427666400000000000e+09
1.427752800000000000e+09
1.427839200000000000e+09
1.427925600000000000e+09
1.427925600000000000e+09
1.427925600000000000e+09
1.428098400000000000e+09
1.428098400000000000e+09
1.428184800000000000e+09
1.428271200000000000e+09
1.428271200000000000e+09
1.428271200000000000e+09
1.428357600000000000e+09
1.428357600000000000e+09
1.428444000000000000e+09
1.428530400000000000e+09
1.428530400000000000e+09
1.428530400000000000e+09
1.428616800000000000e+09
1.428616800000000000e+09
1.428703200000000000e+09
1.428703200000000000e+09
1.428703200000000000e+09
1.428703200000000000e+09
1.428703200000000000e+09
1.428703200000000000e+09
1.428789600000000000e+09
1.428789600000000000e+09
1.428789600000000000e+09
1.428876000000000000e+09
1.428876000000000000e+09
1.428962400000000000e+09
1.428962400000000000e+09
1.429048800000000000e+09
1.429048800000000000e+09
1.429135200000000000e+09
1.429135200000000000e+09
1.429135200000000000e+09
1.429221600000000000e+09
1.429221600000000000e+09
1.429308000000000000e+09
1.429308000000000000e+09
1.429308000000000000e+09
1.429394400000000000e+09
1.429480800000000000e+09
1.429567200000000000e+09
1.429567200000000000e+09
1.429653600000000000e+09
1.429653600000000000e+09
1.429740000000000000e+09
1.429740000000000000e+09
1.429826400000000000e+09
1.429826400000000000e+09
1.429912800000000000e+09
1.429912800000000000e+09
1.429912800000000000e+09
1.429912800000000000e+09
1.429912800000000000e+09
1.429999200000000000e+09
1.429999200000000000e+09
1.430085600000000000e+09
1.430085600000000000e+09
1.430172000000000000e+09
1.430258400000000000e+09
1.430258400000000000e+09
1.430344800000000000e+09
1.430344800000000000e+09
1.430431200000000000e+09
1.430431200000000000e+09
1.430431200000000000e+09
1.430431200000000000e+09
1.430517600000000000e+09
1.430517600000000000e+09
1.430517600000000000e+09
1.430604000000000000e+09
1.430690400000000000e+09
1.430690400000000000e+09
1.430690400000000000e+09
1.430690400000000000e+09
1.430690400000000000e+09
1.430776800000000000e+09
1.430776800000000000e+09
1.430776800000000000e+09
1.430776800000000000e+09
1.430776800000000000e+09
1.430776800000000000e+09
